QGC WPL 110
0	1	0	16	0	0	0	0	27.684429	85.284958	20.00000000	1
1	0	3	20	0.00000000	0.00000000	0.00000000	0.00000000	25.27449140	133.7751820	20.000000	1
2	0	3	16	0.00000000	0.00000000	0.00000000	0.00000000	25.27444100	133.7751590	20.000000	1
3	0	3	16	0.00000000	0.00000000	0.00000000	0.00000000	25.27440140	133.7751100	20.000000	1
4	0	3	16	0.00000000	0.00000000	0.00000000	0.00000000	25.27440130	133.7751540	20.000000	1
5	0	3	16	0.00000000	0.00000000	0.00000000	0.00000000	25.27449100	133.7751700	20.000000	1




